7274
1389
6896
7345
4897
1984
7597
5271
1411
3399
7724
7110
2029
5789
6920
2084
2772
7219
4968
6384
7254
7387
8781
4906
6139
9318
1272
4567
6169
9772
8407
6219
5140
4129
315
7927
9425
7271
587
2995
4301
9319
9660
6306
2012
9597
3684
3555
443
1882
8852
5125
9629
4271
9007
1603
6350
6203
5007
4176
7346
6816
8594
4101
3198
7775
240
9072
5522
9282
9089
3565
7997
1194
5179
9646
2292
3197
7087
9673
7730
5934
4174
9870
6763
9117
9802
4612
5757
9379
1179
9021
5737
1182
5293
8697
1095
2993
2437
3317
158
1949
390
781
2819
9911
7323
486
5559
1230
8200
4603
5319
3921
1257
977
412
9170
2966
9890
9653
6537
2947
6165
9860
2588
2986
4770
601
3742
6851
4251
3084
5419
1908
6077
989
1570
3390
5102
1254
7782
5220
3639
4552
7631
8779
3956
9814
3210
7576
4916
6524
8319
8670
347
3407
421
7072
5821
593
7441
6140
6980
1496
3391
5980
4024
4331
4211
571
9777
6708
1899
5993
8298
3425
3739
8331
8976
9963
4325
4857
8081
6612
5604
5075
1259
2903
7863
6437
4010
5755
2527
8895
3958
6958
5928
5086
5321
4687
1395
1284
1295
7639
3581
6497
8907
8900
414
3335
7213
1934
7067
2691
663
4272
2188
8654
1323
2763
641
2152
8531
6889
8085
5608
6693
1422
1455
9539
8137
447
3652
3909
6812
712
9017
2218
2228
8232
8850
5006
1682
4606
470
200
3109
1413
968
8487
3105
6224
7421
606
2000
5534
8722
9939
4313
9762
9525
1626
5388
4125
3585
4333
7294
2603
7706
4618
9226
9408
7748
7673
7258
6640
7920
2046
9428
5762
464
1776
7094
4336
9363
5340
394
7263
7852
4278
4728
2392
9440
8794
1051
7187
3153
9142
9907
2750
2133
9106
340
1576
3152
1304
6151
1856
196
2327
1341
2953
3584
5712
2964
8347
5094
8247
7710
8472
7933
2124
1036
3744
1917
7447
4544
1325
2803
7355
1563
1392
5403
5095
7218
2353
402
9595
9122
5331
5859
3954
8055
3524
9229
4709
9016
3213
2900
3707
1769
1002
6071
8663
1973
3205
7865
6393
8635
4045
3188
3918
356
860
7511
9652
3150
9915
9988
3945
3187
4887
338
1104
7303
9058
2892
4374
7010
6445
283
6521
1840
8690
6809
5590
1425
7972
7515
359
8951
7854
6216
7026
6802
7848
3750
3920
3186
4804
5518
2580
5798
9165
8849
1166
4969
7090
9898
3505
9124
3420
9484
4744
3209
2914
8488
7578
2924
7667
8698
836
6198
6701
3679
7577
1491
4882
5306
1640
5166
2519
5689
1880
6240
8536
6095
5889
6452
8588
2634
2734
9834
8694
1582
7415
6072
8363
4140
4748
5384
6950
958
7297
7868
8087
7033
7572
4986
6745
5440
1397
4307
4351
9992
3910
5515
9688
138
1913
3226
7184
3007
7281
1244
3658
7433
5053
4721
4484
7157
5136
9932
7847
3263
4008
687
3177
2024
1888
8572
5461
6694
677
5576
5668
6682
8705
1747
1012
9798
657
7917
1035
5573
2843
8858
2266
6004
6834
3656
2575
4617
9131
2860
5290
2063
6837
7930
7334
2273
5137
6471
1065
1739
7599
1991
3103
1617
4399
7320
8664
6860
3547
5153
8650
855
1995
1732
8447
1832
2780
7341
5344
9835
7594
383
1384
8011
280
3800
9471
8870
156
384
6157
6340
9568
2294
8307
4800
459
8397
8762
7968
2596
234
4695
1026
9068
3259
4489
5406
3440
1077
3890
265
2363
7830
9053
1291
7153
5342
3806
7624
2406
1176
6552
9450
8528
7831
7901
9716
471
4093
3606
7823
7869
4849
346
2845
2490
842
3329
6218
6946
3338
1143
7145
7289
1462
3381
7873
5744
4816
2861
9410
2733
3237
3364
440
6187
7250
8688
4188
4118
3686
3362
178
9219
4639
2021
9020
5845
8431
9444
2718
8285
7541
2611
8033
1782
9341
4781
5976
2615
3002
179
4686
7649
5666
2667
4951
42
4931
2825
9357
3850
9641
8684
6810
9067
4072
342
9873
11
2045
8948
6759
7778
2689
9108
4496
8205
7843
4526
6573
3991
9115
5122
1092
9504
848
9169
4983
380
8278
9845
5773
4383
6519
2610
2451
4028
8429
7335
965
6770
2087
7871
6298
2741
4269
1942
4854
8086
2944
3411
5519
985
2194
6378
4232
4502
4290
6749
52
8401
3689
2263
3570
2686
2178
2790
6898
1879
6832
8574
2870
7957
7725
1105
1233
3943
8971
7000
5893
6152
5920
373
5083
3568
8764
951
3526
8866
1204
1330
3645
8922
5545
1278
1980
4922
2835
5474
3346
2185
2960
4876
3332
2382
3076
3190
377
5109
4699
9038
89
2097
2576
1895
9856
8525
8760
8783
5507
3855
8238
4990
7580
1043
5834
9836
245
4475
261
5266
664
8731
2963
3336
7136
4789
7169
5622
3126
3889
4335
7217
5150
176
3886
8056
2719
3136
2807
7547
1435
5148
5800
7278
6032
3820
1866
5242
7461
1906
4962
656
3567
9148
7568
8289
7903
1978
6748
7424
6587
6986
5328
208
4839
7244
2669
9685
949
3682
6460
8521
7423
7188
4995
4979
5885
4823
7557
5891
7899
2340
1120
3321
7328
7446
249
7544
1992
3297
1565
2454
7556
6244
7030
7371
7585
4868
7005
6172
7813
3514
2285
7028
8201
9521
37
9602
2465
4121
3438
1010
3094
7886
2756
9693
6189
7835
2698
837
9881
9805
5881
1854
7477
4472
6116
4817
8944
6349
2405
772
4498
9978
3129
2681
1881
8610
9792
9893
3810
6477
6282
6872
3373
8869
2572
546
4919
3548
3301
2766
2937
8752
7465
331
2641
6664
4515
2360
9773
3874
4288
6576
5205
2715
6385
7705
3382
8133
3488
7820
2941
8358
6592
2125
8142
5255
789
8025
9394
5482
5846
2908
693
6499
1210
5856
1795
7966
4410
1319
5754
3627
1203
6359
2838
118
4785
611
7464
4920
1331
7948
8786
6596
4550
2416
7034
1699
1841
9353
5088
5997
5327
8345
1253
6401
257
485
2578
7409
5989
5041
6757
4607
2855
7824
2640
3121
8337
6256
268
5300
34
7391
5356
5294
3058
5448
6453
4690
7687
9446
9343
2409
8007
288
7296
6184
6969
7368
1178
6005
5746
3072
882
4133
2748
9672
7182
2529
6805
3169
2195
1206
2106
6765
1102
2086
3697
4172
5505
4783
85
8164
5795
4253
817
6820
778
5097
218
8067
5550
3663
4657
7180
9204
6508
3082
7002
4199
4976
8553
284
7704
7837
2923
5921
7942
5029
9723
5272
9281
6853
4250
8639
1374
1831
4031
396
926
4141
652
5998
7982
6473
8207
4862
8077
5259
2658
7963
8110
2968
8643
2310
298
2212
9779
9265
3607
6329
648
7060
2398
596
8453
6543
6677
2880
3274
9721
594
9032
3157
9505
586
6569
8309
5639
9352
4670
3469
5526
1610
3168
2935
3605
6971
6363
9342
1045
8148
715
8520
9536
7521
1034
7715
3439
3165
923
8456
8136
5853
785
8981
262
9314
9632
2970
3030
3649
5512
8179
6886
7762
1872
694
58
4653
9508
2837
1560
6131
7298
8372
4124
9967
7165
5145
3852
3667
4002
8009
2019
1169
2948
1028
1712
3824
5555
1335
9556
167
833
4795
3395
3674
9746
982
685
4613
9627
5691
1414
1232
6821
9964
6871
7866
9092
2041
9883
9427
7796
9639
8997
2066
5645
8923
6859
5080
9218
4598
5119
5216
7416
2742
376
4977
8064
4518
9486
7195
9516
4964
241
2542
3979
3590
6500
6618
63
5937
7995
5994
258
1620
4943
6564
1749
3350
7255
6619
5933
3795
1060
154
8707
9057
1825
3215
8297
6484
8674
4574
5492
5445
5131
6031
1238
9083
4405
6461
9626
4725
4587
7440
8330
4256
371
809
6408
7757
6885
8672
6380
3011
465
537
2003
1553
5872
2401
7210
4813
9133
2237
6798
7938
660
7497
8245
1647
4652
3518
8918
2309
102
6462
8699
7855
3678
3528
3706
7826
4155
5201
701
2965
9483
4830
3942
1975
8721
7979
9203
8031
5626
9023
8908
4183
6024
6407
8793
7279
9797
5647
841
2556
3672
8138
4027
3842
564
2393
3132
8477
7167
8814
6312
5841
5787
779
8992
9370
5385
7191
3141
5848
803
3386
9051
320
3194
9381
5235
274
1478
4068
845
2979
303
38
6724
2347
1865
5531
5902
8871
2987
9248
4693
7551
5278
6284
9615
3774
2859
8730
6792
8471
7185
2308
9955
6917
9239
2227
1198
7027
6485
1708
7164
128
4877
8001
9185
1564
569
322
3446
3578
7772
9160
7644
319
875
5628
5599
7894
3858
7313
8618
9175
2220
4802
2326
5268
3831
7915
5510
8448
8042
2671
2140
9360
1601
4021
9230
329
6824
9479
1645
9419
4707
9213
333
9063
2844
7432
521
6679
7589
905
5185
6025
5183
7721
2516
8239
6873
499
6942
5733
4806
5115
1860
5539
2396
2445
6262
3869
189
7227
9137
9095
7120
4115
8027
3784
6003
8580
7253
993
8386
8541
6959
1828
7307
7946
1406
3832
4600
6831
9726
1851
3928
4343
3522
1632
1670
5870
649
6317
9551
1507
8223
5973
9921
628
1218
3919
1152
6687
9830
6963
7588
246
3130
17
1428
4784
1142
4946
6712
7952
3470
2848
9266
5562
7413
6636
5714
2918
554
6403
3266
5583
4342
8692
1680
8965
8254
5288
9869
6430
9276
8746
3160
2704
40
1651
165
9377
348
5662
7078
7318
7538
8167
1948
7462
9885
6575
3287
3250
2118
157
2945
3264
7006
3786
5315
4380
3941
7959
767
2608
8554
6168
5322
1678
8332
4430
6119
5359
6332
2757
1531
1612
6814
7080
8076
6041
6495
1403
600
7176
2791
6767
6357
8677
8281
1741
2498
101
2528
387
2997
909
3202
2973
3521
3128
5224
8598
1161
2540
2350
2217
830
7222
6510
3013
9372
7481
6410
3981
3934
7776
3996
3648
2518
8675
1642
2380
9767
1235
1811
2204
7237
6133
2754
3897
3753
3862
2284
8433
3960
2969
2370
5420
8980
7412
2672
6892
276
7742
966
2559
4755
7935
9223
7791
4007
361
6579
2955
5609
8071
5429
170
896
1484
3775
4065
6164
5241
3242
8983
5616
6893
960
1532
6786
4181
5833
971
5232
7161
2999
8810
398
9946
4465
9635
2319
5832
8257
1683
9603
3134
4872
8595
254
8422
5932
2348
9765
6590
7861
8937
8491
9459
4437
995
847
8387
1643
1622
658
7019
4108
6457
1256
4258
699
7228
6843
286
1529
1096
8170
7021
7811
5010
642
4739
2219
1338
1131
4694
5366
2922
6780
8827
8535
7073
6318
296
2196
5465
5133
814
4794
2215
8423
483
2661
7071
310
7678
8565
7642
3692
7962
6100
7759
6427
8888
6581
6523
4247
8724
3098
1350
9788
9668
8479
5695
2740
2291
7926
3154
9468
8916
3655
7638
115
7293
4243
2827
4439
1280
9482
9960
3401
2246
5250
162
8518
429
3020
7429
9308
1731
5334
3537
1057
5619
661
358
773
6026
214
9103
3463
3178
1559
5221
3474
5812
8748
3122
9251
742
8550
8899
9933
1608
686
5494
9573
47
545
9610
7802
6307
6108
2386
8030
6797
6089
1573
6194
9850
3818
4216
6144
6633
7842
5008
8759
2643
4988
9582
8272
5426
4164
2105
3393
4805
9833
1229
2265
4869
2805
7895
6470
4030
6190
6775
732
509
7736
7913
5082
9847
787
4341
7127
9655
8378
9679
4126
4358
9990
8018
1379
6017
8290
4431
7987
1535
9701
719
2881
8323
6962
2415
6478
9663
8743
1382
8057
4947
2015
734
8831
532
4023
6346
6768
6849
7527
2891
6064
8938
2695
4562
8446
8393
3037
6716
7509
4128
5188
9157
1497
7104
183
182
311
1196
1071
6909
55
3535
4658
3583
3932
2331
9698
3302
1762
3174
2461
2413
5571
5226
6615
4087
3896
5671
764
5305
7246
7980
4017
1437
4662
2755
2794
8333
488
8195
5850
7386
1873
6281
3696
5521
3762
2515
6227
9550
2882
1554
5244
1581
619
7243
1639
9280
8043
9874
1695
8809
5854
8607
9093
4228
1526
9512
129
9929
6344
1704
6166
6727
2325
4476
5806
8460
7427
7998
9669
2172
6442
3326
3462
3042
6908
3677
6782
2642
8555
9332
3597
2161
3324
8237
8644
6598
7449
2752
2423
9417
4847
8510
9636
5073
7325
3456
8075
5117
9566
1543
9496
1191
1492
6877
9789
1138
7798
213
1322
4673
4446
1129
7885
6002
7135
6046
4631
164
9589
4273
2288
1017
9616
3586
8139
8640
117
3950
527
6209
6972
6488
3033
9868
8310
7036
8655
4672
79
745
6935
9290
7878
4138
6065
8490
5421
5611
6263
6415
6159
4367
6459
4769
7771
3699
4651
1352
4467
360
1032
4153
3710
5304
7096
9039
70
2663
5924
4921
6557
7598
1224
114
1618
5617
1700
119
643
7419
9996
4915
3749
1666
3370
9947
2537
3703
7211
5674
224
697
9463
8806
5033
2473
466
4184
5871
2557
1807
724
5329
9328
1313
8362
5211
9717
4457
7304
1738
469
5046
2873
7716
2317
5076
890
3779
2320
2561
7536
3006
8986
9322
662
7503
2429
4512
3191
6333
7838
6076
5705
4159
9800
4659
8696
1185
9111
9309
4927
1809
2758
6815
1663
6530
3323
7336
1482
6610
3460
1630
370
1498
1901
9306
7528
4362
9574
5503
2235
9740
4132
4143
5690
2017
4217
1653
6948
3619
7874
2362
2655
7498
6867
9460
9675
4310
4599
354
705
8036
8311
4766
9046
8548
2033
747
7151
4480
9526
8155
5036
7093
9442
8325
908
6907
3807
4546
3192
3966
5543
3189
3894
8268
7001
8506
4982
7799
3617
3248
3101
6717
198
9075
4843
6711
7309
7186
3117
2536
9699
6781
3313
7479
2306
4565
3027
7372
2407
5023
9613
6290
3039
1290
5783
2778
9198
199
2252
2418
3384
4752
4009
9295
5160
7676
7300
8209
4081
9320
7239
1784
1742
6553
3872
6486
9630
3423
9812
5143
7268
727
2103
8338
5488
1847
2650
9470
9378
9934
6582
1334
932
8990
5961
6297
9587
9176
9317
2426
5405
4966
4508
7406
3029
2962
7113
5354
7343
7375
681
1602
6321
2623
5641
3913
790
3034
9336
1258
1714
8864
7142
6568
7950
2253
4737
4054
5317
9202
7675
962
5355
8703
1511
5840
9879
8626
8805
9323
2448
8252
9696
2236
4359
2232
6956
220
5652
3760
2339
5866
8848
113
618
4918
8744
3361
7407
5847
3988
688
9047
6022
3065
93
8279
5
1162
7713
5914
1584
9273
1329
9541
3343
5722
7864
9781
542
5723
9840
2508
2002
1192
4455
6817
9604
302
1391
6865
8765
1167
4177
5089
5684
9903
5480
7896
1718
2541
3737
7469
7235
6012
4354
3792
1697
3791
6377
5606
1463
143
6645
336
6923
6335
3642
2278
4456
4926
3232
3436
9948
8184
9385
8199
2433
1387
4173
6141
8560
9105
1810
4712
4312
1375
549
3630
1803
8236
6113
3349
3545
152
8575
9999
7884
4432
7100
4898
9201
3816
2814
9151
4120
4974
8511
9596
7719
541
1717
2181
9340
6418
279
4609
5707
4161
6112
9147
5584
8874
3231
5605
9918
1126
7552
5942
639
9146
7242
1490
6449
231
3756
3709
122
3485
2091
6777
520
6080
4981
7393
9120
9658
8811
6360
8000
5326
2765
3822
6979
8421
7543
3049
6196
68
4266
3847
4066
6739
7226
12
6137
9456
6323
2126
1171
862
1340
577
2867
2376
4953
7013
5915
9531
3636
7569
1069
4664
6572
4509
3230
5987
7924
1054
2696
2851
5018
5826
6241
5919
8996
6420
7999
4934
6469
4619
5110
2624
6925
1438
1008
6386
5090
9254
5308
8017
8727
8498
5247
1548
9956
924
6300
5592
2813
5819
9253
3311
375
9642
735
3024
4238
9703
7702
3527
2130
6766
2122
6280
4757
609
9029
9310
1604
4215
8134
7516
2840
7402
4365
1270
2597
2061
7722
6994
1111
7923
8865
6511
5275
1124
6869
2544
326
5945
7592
2834
5260
6371
2894
2493
1333
8605
5287
3898
998
5246
1925
6257
2683
8178
409
7593
8396
6957
227
8107
4209
6286
8187
9014
2108
7610
5059
1443
4281
1656
3019
6747
6628
5000
8761
5563
1797
7501
5186
6544
2627
2959
627
3214
6302
7438
1916
9174
1920
7856
2283
9538
3322
7349
8754
2563
7602
666
6188
8346
4449
1018
1842
6839
9922
2136
7591
1113
2174
5837
8581
7683
2739
2804
7523
4340
9491
6955
7232
422
4157
8475
74
1208
5649
9855
4745
6204
2934
4015
7564
8286
4193
1301
2943
328
9346
9983
5677
4356
4597
7563
4084
9034
3814
4407
1505
9302
3949
8394
760
6846
2801
2424
8961
2457
5044
5678
4089
5433
5107
5345
8454
1094
8320
4583
3940
8385
4697
8340
9238
7056
1824
5330
7925
9514
8175
5839
1153
1150
7817
7986
6844
9720
1247
852
6951
2509
3170
4900
3233
194
8660
8084
6105
8579
3965
7290
1517
5940
7428
6760
8832
8382
8830
5171
6756
6504
4809
1062
7004
9806
8198
8050
5962
4282
2008
8955
8351
7696
2475
3708
2438
9405
2581
5792
9130
6684
6613
3225
8823
7955
7660
4182
7362
6042
7912
3665
9269
4303
2826
1977
4014
2994
2351
9012
1337
1080
8274
4022
5130
2312
2916
1552
5727
4261
3108
2879
2614
4366
4975
8735
3646
2550
3495
10000
3661
9625
1972
7677
6074
3290
2524
2824
1509
1534
2400
8482
4426
3048
3138
7752
7485
8380
5658
4961
4812
5629
7981
7044
799
5408
8267
8702
9707
1766
4052
7921
4213
9411
6014
4881
4648
6954
5748
4636
6220
5808
3519
8926
4777
4448
2568
9241
1115
3685
3300
4692
9
858
2496
8799
4912
4557
3372
9583
3100
2817
3515
2254
4949
900
3790
7680
6800
6657
1628
6326
650
5814
7993
5838
4075
1835
7359
8817
9469
1751
155
287
8788
2242
8374
3911
9510
1217
1063
4545
973
5281
5202
792
3566
8720
980
1476
6288
1052
1349
8381
3179
2120
983
5199
4249
9364
3771
6915
637
2052
7988
8504
5001
8342
5735
9261
2774
2276
5815
8260
1770
2342
8428
7306
4361
4762
5485
3279
4844
8932
4992
1615
7754
788
2806
2138
617
6173
7085
2062
8893
5957
5538
3533
9139
4751
1613
7729
3363
4801
2961
3823
7891
8093
9559
252
7425
4729
632
710
7630
871
159
3730
4109
1963
5844
3385
9770
281
3207
4846
6294
4049
6232
6242
592
3924
6379
497
4302
550
6309
7975
237
1144
2862
7695
1155
6532
6512
8068
6174
6883
2854
878
1345
1562
2470
721
8709
5172
4822
5404
8527
557
1004
9212
297
2884
6887
6082
9335
9825
887
6787
4495
6258
9925
959
1815
4435
6063
8884
2007
5054
3626
6862
6660
3365
5237
8445
381
8617
6021
7193
7378
7514
6848
7022
3142
5903
8115
7141
3249
9395
5929
5574
3236
7395
4013
3516
9461
2904
6243
8968
277
5486
1114
5311
8956
453
3964
6001
5005
9638
6685
6311
3741
8127
1589
3046
2982
7904
1381
1075
4078
6278
4315
7953
8306
1546
5777
1736
7050
7392
4720
6602
3888
4715
765
8905
6068
5091
4952
8631
3454
4471
5781
851
2876
5034
9168
9297
6138
5697
8157
7765
4644
6167
8829
6028
44
1122
5017
7168
8008
9787
9753
5434
476
3211
3721
3089
1721
8515
5395
1792
3549
2065
9661
6414
9754
2460
9761
8061
8424
2506
2251
8982
7098
8442
22
5104
6522
5917
9878
6149
9590
8024
3123
1754
5325
2773
5780
7380
7738
782
2582
3719
3676
7745
2372
8530
4532
7329
4957
894
7455
5379
5009
4675
6991
8538
1799
5525
7418
2290
458
4119
9554
5295
1432
6183
9662
4330
2800
9993
2247
6009
1999
235
4511
9542
5069
2886
5152
8288
9193
4632
3222
7420
8682
938
8904
7470
4419
876
4560
386
2532
5923
761
2906
5886
3868
6879
4088
6057
9755
1597
2618
9008
8426
3184
7808
3778
3990
7622
8177
7159
8638
5569
5031
1823
3683
9927
7443
5665
879
6836
7483
7783
2430
6669
9968
8111
1729
9865
5615
2890
3884
9260
108
7787
2101
7458
1358
4394
2632
6162
7911
5431
4123
8451
7463
5879
244
9807
4808
8953
4577
7770
9808
6334
5877
225
1108
5514
5050
6269
3229
7099
7308
6448
1748
6620
2267
832
86
2028
5296
3254
8181
7115
507
731
807
4782
4368
2356
9904
2449
161
6117
8977
2472
2408
5111
7251
1600
4743
8339
8665
3955
2998
752
4835
5861
9376
259
8851
185
7734
9036
8476
4451
6906
6479
8919
7513
7288
5627
581
3139
9451
1954
9004
9576
816
689
2898
512
3595
18
1320
6066
4050
740
4357
2157
8228
8436
6381
6101
4593
6301
5230
9674
5336
7688
1966
6492
6939
83
5472
4235
5360
6337
2226
2479
4980
7225
8564
1557
1765
7101
9605
7223
6856
2797
3946
4504
8772
2355
1001
5556
6606
604
1061
825
4963
3542
3304
957
7063
9867
9552
818
457
5944
1783
9844
6466
9938
3465
2877
8152
1549
8273
9329
3320
1460
2394
7209
5632
2010
8804
1030
9524
595
7839
8569
250
774
6086
1197
1442
4291
5178
3846
3162
6838
5650
7381
7670
1371
7024
9822
5277
2100
5991
5711
4224
9384
4775
9207
4620
4826
5767
2404
6936
9324
9296
4867
4611
5177
1985
2952
5066
7040
4861
4466
5087
8819
9682
3015
3315
5887
7475
478
5985
6623
4950
9073
6368
4147
8767
4452
6927
5760
8742
7964
3622
5019
7626
1390
3417
9783
1388
3915
7567
4841
61
1853
8657
9488
9941
5541
2189
6751
3271
4796
7728
9622
1846
5842
6916
7208
1274
9301
9227
9736
9509
3149
7052
9820
566
7934
9737
7108
8053
3759
2753
9078
822
1175
1456
5467
2128
4678
2169
7640
7492
300
9560
3643
5021
8896
4774
2847
8545
6444
6924
9285
400
5491
8270
2261
4381
5765
6353
8523
942
8291
4347
2238
9271
6375
4581
9558
3040
2759
3421
1245
4403
4299
3113
7315
8156
9247
3410
5638
2315
780
216
6754
7149
2165
9727
9445
9257
1508
7286
7192
9392
3840
6419
4102
330
2673
6356
9134
563
2358
7637
7241
2792
8734
813
9654
7194
1242
6526
6517
1839
8712
6675
6647
9061
9240
1590
1418
6191
7083
6868
1571
1119
81
2949
3097
757
5996
886
7311
372
8934
5142
5151
136
6672
5269
8828
6621
4758
2958
3659
6714
1849
7471
7383
6235
2305
5052
8933
8214
4985
9982
6538
2737
8881
5265
1938
8704
2399
324
3635
2639
9561
3441
1199
5898
1200
5124
1521
6637
7967
8145
4482
9289
4629
1377
495
2050
341
2163
8963
1042
7280
7301
4666
3307
460
7806
3498
67
8349
6803
4840
8946
2
9056
2034
3614
3510
2595
6180
6828
8399
7122
6458
3496
8749
8630
8789
7753
6090
169
6182
1464
1744
706
6894
1637
5953
9889
7943
716
7439
2566
1915
8005
5012
6052
2307
4297
6038
1013
3127
8738
9205
3503
8484
7394
8
3183
3069
4044
1611
918
4067
7172
7629
5276
275
9243
8679
5346
2996
5170
5719
9741
6348
8054
2951
8284
3014
9499
226
6324
8763
3035
3752
7414
4669
8984
6319
7333
7575
1914
2474
4248
8502
3501
1646
8391
3962
3970
5310
9614
2302
4749
5643
2764
7482
5261
9181
6681
4179
6130
7647
8584
7961
3071
2897
4718
7200
9966
8632
3111
7929
1276
655
9766
9245
8645
5144
5676
6016
3761
219
7623
3413
416
4860
9387
4329
7785
5630
5430
9896
2143
3380
3228
2688
700
6806
2177
794
9794
3267
6271
4553
1255
7396
2599
8945
4305
5417
3176
5470
7265
2954
7038
1479
4589
3859
3618
3354
6874
1933
5217
540
8302
3664
9018
1990
6265
6881
1774
8188
2239
4355
8341
8959
71
3783
7851
4411
4688
631
4933
5376
6561
8524
634
166
7403
1986
3467
3253
4376
3733
3316
6069
8494
6563
5648
2391
8430
1300
8689
6037
3404
9006
1540
9731
5441
4665
9215
2786
8683
7487
3289
3702
6854
8480
6354
1234
4379
9487
8098
6713
5995
8437
1805
5085
1378
3995
7102
3062
1515
2129
2660
1523
3770
3552
7009
1315
3389
5860
6409
4500
7444
5602
4543
6199
5717
9784
4059
7305
6741
552
25
5610
5396
7245
1318
4117
940
1125
1591
672
4569
8126
8097
9066
3577
899
2056
6600
5713
2869
6250
3925
2839
2368
1513
7914
105
8432
2653
4788
2491
2134
2450
6506
195
437
597
9321
1211
9232
8045
8667
6870
5055
711
9457
7740
9028
9349
7960
7928
253
964
9745
6921
4268
8708
4663
1834
5129
4490
8844
9980
6078
7562
9454
4573
5579
5612
7534
6835
201
5099
2225
8293
4987
2617
5215
8343
7417
8715
8256
6266
6156
2440
1305
8678
8962
2504
4296
7977
8950
1771
2723
2147
8898
3055
3026
7910
1243
6707
192
9586
411
2434
4698
4473
9182
9692
7273
5899
247
2295
3728
7807
1106
3403
4566
8733
1886
435
6738
3536
1547
8196
6181
3175
4053
8552
1994
4925
2297
2831
2727
4106
2280
2121
4447
473
5092
2316
140
3223
355
1180
6567
9429
9022
3796
2710
5460
4412
5357
1241
2942
6861
8540
1261
5048
45
6949
5730
3369
4746
9024
9224
8146
4645
2633
8949
5598
4385
4679
9159
5204
1154
9971
5312
9786
8529
4382
645
1970
4637
2534
2303
567
5644
9432
2287
7876
1650
171
3240
5986
8163
5702
4736
659
223
5894
1369
3444
8410
4339
4608
5925
8176
7810
8419
9231
7681
2049
599
5943
8676
444
1140
7014
8668
9735
95
3799
5669
624
5775
1833
7985
2858
872
9152
8750
4096
8044
9886
2677
692
8226
2692
1530
3486
1733
9186
3587
2186
9252
5074
6752
2500
5301
8118
8671
561
6937
6842
379
210
1868
5823
8026
9598
776
1327
8886
3623
9375
6
9795
4353
6900
446
7276
8296
413
9739
1445
4000
6995
2654
8924
7133
8711
2932
8777
8798
7932
888
8680
9715
1763
8301
6018
638
9756
9178
2173
9548
2093
5370
7112
3625
9333
3193
4294
8144
8039
7358
5532
4267
7663
6703
7703
1524
6650
7945
9506
1746
709
8369
477
1494
2018
7459
1757
3511
3400
9782
4236
8739
5637
683
2487
2507
4833
1997
8824
9849
2427
4242
3903
8021
2230
4893
4424
3917
6539
9618
4295
4890
8522
6930
5890
5742
2782
3720
6750
8802
3414
8091
6121
2064
2245
6099
6347
7608
1133
6494
6245
9620
6221
7144
3310
5874
8925
5447
4370
9064
8275
1029
6556
589
8004
3398
6742
4227
8250
754
1504
4284
7331
2648
5157
7105
8169
8088
5566
1023
1145
6372
1875
104
5618
1262
6468
713
3212
8609
4167
9884
2154
6608
1806
3339
8458
3544
1488
7215
9495
5810
3428
8967
5701
5484
6402
4099
7319
5498
2390
2329
7893
2036
1027
8713
6558
7661
5173
9400
1101
2818
7270
6455
4773
2919
8751
4079
6622
6880
7635
6197
2731
8729
4734
3556
6222
7767
2539
1481
3143
9776
73
8988
1317
2260
602
952
1665
3754
2016
8612
5035
3563
112
1
9649
1307
9984
3430
906
172
3452
5912
9747
562
9494
3906
8840
4863
7973
3206
5530
6330
4122
5634
9998
4998
5141
901
3241
5869
4327
1190
479
5149
578
7889
975
6662
2888
5653
7143
8882
1979
7698
5347
3416
9734
8078
5309
3392
2645
1049
2462
8230
7148
8466
1655
1693
1068
508
7558
1583
1116
7621
614
404
2367
2521
9052
1214
7781
3561
139
4740
6352
2684
4572
8778
5794
2277
251
5228
3476
6030
6791
8062
1599
121
6554
4864
7596
1958
1890
1587
3295
9694
2269
6490
9612
5862
7082
6081
3252
9096
3487
4016
5805
6305
2374
4033
6985
6655
3632
2208
6823
5992
2439
5239
2047
1100
9085
6975
4210
6999
2985
3828
6974
7316
1960
9936
1777
9220
1072
2570
2099
9206
7437
260
797
3711
4207
8861
558
6147
8782
7224
2751
523
1202
981
3023
5883
6989
5687
4759
4350
6918
3837
9969
895
1588
3572
4011
9140
4429
5642
9389
2933
1545
8114
5030
222
9877
2564
1081
5688
5830
7665
1086
7058
7735
6382
6411
5316
8010
3306
5709
9724
553
798
948
4160
8532
3330
8514
9728
4090
8556
2647
4459
8503
1878
3196
1347
5607
2110
1864
1935
2863
7484
9790
7178
4488
2067
1372
8079
3591
4326
5416
5280
3926
3120
739
1885
1768
3755
2707
6426
1006
2077
2702
2820
4131
7902
2703
5972
5673
1447
8065
7183
4386
3054
2567
7480
3764
9771
6035
4111
3813
582
7007
5132
7491
1528
7077
8180
4377
2746
9832
3303
26
305
6123
7840
3662
4006
6454
5065
746
5236
2345
1631
1079
5182
2459
480
1420
9002
4163
6336
4865
6673
9188
4146
930
4955
8023
248
1734
5214
8901
8847
4418
5633
5189
8326
7550
4997
6088
5857
2850
442
6931
1303
5043
4845
9931
6366
2938
6443
9358
8352
8890
4942
3883
9149
2830
238
7554
1268
314
5116
6609
7198
2156
6428
1231
945
2781
1896
2629
5362
6062
8244
9796
9448
2920
2162
8892
5715
9458
4212
9749
9803
9466
2119
7451
3273
3551
5154
7727
974
6525
1891
7076
5749
4074
575
3079
4764
5739
5282
8003
6274
9135
7436
9208
4681
9268
9540
885
5267
6922
5418
5699
1961
9424
3628
4404
6145
2613
4275
6755
2167
5380
915
7312
1715
9871
5438
3102
874
7758
9044
7377
2484
2621
6228
9527
6607
3473
1687
7390
8229
2039
6546
8389
5058
4245
4260
4683
14
7531
6093
2299
1514
8576
7020
5631
4820
9534
9917
1364
9228
1624
1772
5892
7486
2256
5565
4025
815
7053
1310
9678
3471
395
7614
1239
8412
6395
1767
6548
7689
2749
7956
1522
7045
7821
4197
3541
2131
2324
9910
1046
3977
7849
3873
8090
9702
6947
6911
6435
4323
1112
5227
5361
4936
1215
3093
9027
8570
2592
1044
5377
5194
1585
1467
7949
2910
3821
4726
9011
7330
131
6990
610
2452
8225
8931
4917
856
5764
996
3199
5458
27
7836
7517
3309
9288
1568
6247
301
9744
8785
4134
8837
9426
4601
3787
7384
7944
6177
585
2458
3334
2674
1165
3507
9462
2471
5931
9522
4763
8149
1728
5175
8608
880
9823
1593
3114
3908
9862
5969
6254
1658
8130
2304
3107
5907
9581
6799
2023
6192
2155
8258
9810
7043
6604
4145
6351
9623
9547
8132
6033
4392
8255
7546
7287
2190
312
8434
1343
4753
8129
9818
425
640
5504
728
5811
30
9585
5896
6586
9315
9690
3258
1370
9330
1685
7029
4110
9497
6438
583
7472
984
3604
1983
9161
1309
6215
6376
7909
5139
6978
5511
2883
1400
4454
9037
927
9591
1058
8083
2171
4137
4196
2549
9172
3669
9962
1740
3502
5061
7571
6983
2213
2836
97
72
9339
8939
5524
954
1580
9345
7075
9283
5686
4300
9774
7431
8666
5591
4654
87
3748
2240
8096
180
424
3772
4640
2328
6075
2936
5570
6120
94
3475
7850
5134
8544
8189
1248
5209
2705
4616
4738
2601
1931
4214
1452
8327
4363
8215
4595
1968
7116
6096
8566
5231
2333
1837
408
1342
5063
8585
9109
3575
3219
2224
684
3144
717
3930
5163
7809
3870
6597
5801
5423
8807
9082
987
5481
588
9523
6252
6447
8029
9846
4317
3705
285
1533
4708
1394
6678
2700
6432
6977
6251
7350
3086
4811
893
5219
4856
1084
9030
6547
4035
2343
8714
9729
7795
1401
5527
2545
1091
2082
8204
7181
1089
3912
6793
6396
3736
4077
1273
7657
3785
8271
264
3325
6710
9401
5884
2678
3782
2511
5540
2796
8357
498
9325
2090
4884
5807
2713
1288
8578
3445
2207
9256
344
7971
5335
8141
3974
9991
439
282
6341
4029
4434
9935
2810
6818
9994
2191
8784
6705
6545
4798
3312
4575
100
6580
232
6416
7348
2027
3004
1775
1219
4063
3110
1173
1282
6943
2153
5411
9437
994
5964
3451
3802
7032
2895
7179
1652
3844
7008
2151
8411
9447
9125
3877
8877
448
5979
7064
9386
1426
5455
8116
4908
4444
1898
7658
2775
8106
7684
7338
1362
7502
4185
41
9958
5341
7354
5816
1283
1551
9912
3358
2505
7690
9179
3448
2701
2184
2789
1936
1415
3723
9116
1510
4610
6585
6788
9107
9464
5251
33
8497
4423
7170
7941
3008
2767
9710
2085
2146
3480
7654
7510
2182
5685
1226
3554
9197
5772
1188
759
7627
8914
7454
307
3201
9957
9887
7476
9600
8559
6807
2318
7804
3757
9098
99
5483
2768
538
2499
7467
744
2560
4194
110
3012
8406
933
472
8303
2977
5128
7285
1085
7818
1351
7084
2857
503
4911
5072
5168
1346
8770
2885
8496
5950
8611
8957
9857
8964
4837
3299
4113
8753
3865
8128
1690
5516
912
5721
6153
6762
7382
6367
3594
6891
6398
7292
2589
4453
5553
8154
1764
7763
2925
428
190
7650
4218
2435
5207
7233
2503
8656
7590
5636
3356
9906
1614
174
7628
4944
3262
1407
8192
2950
4928
423
8375
321
3633
6365
8224
184
9842
2708
3087
3368
1756
2149
4316
3726
5820
3073
6888
6841
230
8716
4186
978
4642
1308
2205
1249
2054
8034
3690
3396
1201
8264
9640
163
8539
1816
141
7495
2080
6185
6328
3763
7918
5399
530
2853
3596
8348
6464
4585
1135
1710
9997
4391
5965
4870
2176
3352
4836
5478
7604
9191
9222
1919
4779
9704
9633
2432
4200
2732
5049
9214
7882
9173
5068
580
2598
8483
6201
5766
9195
53
2587
2231
1817
5621
9393
4047
3735
9854
5600
8774
1821
8658
8885
5064
598
1402
5407
4337
5442
7299
4150
4148
2724
9841
4244
3081
1421
7204
8253
313
8321
9520
1440
393
3564
9764
6223
9338
605
4246
8295
357
4556
5734
6601
6718
7249
8015
5180
2038
54
1743
8481
511
2526
2468
9759
7114
8147
8659
7399
2053
6996
8943
2301
369
6852
5353
9455
6864
3558
4910
1149
4492
1279
4732
2864
9718
6289
4891
3579
9055
5578
749
2779
1694
7991
4594
3280
6822
8590
2706
3781
903
4628
5679
7737
2059
3394
6160
5279
3811
271
5836
5952
5954
9035
3057
9821
892
1567
4937
272
9132
9065
4201
7574
6362
8873
3936
941
5391
7252
6054
8838
679
7978
8449
6663
5824
6429
3003
188
4360
9136
407
3106
1160
555
4993
591
2150
7822
4180
8989
3698
736
2651
690
8048
9555
2930
5788
8915
8999
9780
2197
6275
415
3359
522
496
4524
5736
5410
6984
5659
2620
7370
2565
1672
646
4888
8775
7693
1326
3286
7216
2693
9644
3353
4206
7620
3095
7051
4646
337
7139
3651
229
5270
4676
2422
5897
3952
3031
4996
8812
1014
8104
698
8468
6314
7819
3431
2282
197
8102
1870
4519
433
4689
5397
8641
6501
4389
3345
4778
5402
5100
6731
9465
8227
1444
5424
4321
9791
3017
3319
5218
1156
7086
1941
6528
8262
820
7707
1446
9141
7708
8686
6481
3804
7548
5546
6658
5337
5586
233
9350
2606
9571
7385
7641
7652
7793
1436
5422
4097
7160
1409
9863
7518
2981
5454
8787
323
6048
1536
1918
8355
8360
9937
3972
1691
6966
3976
500
6709
1011
626
8219
6150
1826
48
9184
8685
810
8109
6029
3459
2476
9200
6571
1516
3923
4625
2078
4397
8233
1294
5024
8845
8637
7488
5011
1168
9778
5768
8060
1998
6945
7751
7247
6656
3613
2436
7448
6404
8586
8140
6723
7858
1128
109
3666
2456
4913
1039
1050
6683
2687
1676
8318
7260
3408
9565
9928
4441
775
1644
1688
2896
6387
9480
1266
6126
3009
4436
7601
1673
7829
8251
2712
1503
6010
6015
8305
3856
922
4522
5387
204
1716
1924
7177
191
8633
236
7092
363
9973
8022
3616
703
9104
1843
5303
4191
5371
2690
9498
3051
3053
3447
7132
7062
2872
5681
3914
5320
9490
2771
9953
8210
2543
365
5910
9391
9617
7199
4680
5657
1556
4984
7344
8606
3245
9914
3907
1269
4591
7422
3880
1713
2447
8101
4346
676
1932
1993
5900
8758
647
2646
4582
7801
6104
1289
5477
3433
823
4973
3056
6826
801
9050
6211
9864
7374
3166
7035
970
9138
9398
177
3135
5535
2722
351
531
8002
5249
2798
4873
7766
149
7692
1189
2600
3657
168
9592
6878
8350
1538
4073
6574
6158
5941
6720
2113
8241
3090
8878
9250
4792
9439
5352
6405
6331
1724
7888
4012
7832
3063
9071
7607
4393
9171
3285
7173
4152
6801
6019
1905
805
9700
3148
8292
1193
7207
7332
6110
9995
6535
8249
6527
4650
8294
5560
1863
5257
9876
2811
5913
4730
3580
7457
5726
8354
1760
9686
7522
5655
1692
3916
7197
5413
743
7756
3483
5753
1459
4373
4019
8509
7937
1574
6129
9013
7166
7478
2334
4940
8970
7266
7867
9164
9752
6467
2410
8673
551
2887
23
2109
6740
7125
6541
2644
8563
673
3738
6050
8909
8646
8868
8615
2289
8135
6285
8846
8143
2116
2298
2497
4056
3876
9249
5365
9434
3608
3371
7295
1396
9643
6394
2403
6361
9851
7376
388
9414
2040
7107
3598
2032
8813
9815
6047
3064
2042
5761
3951
1127
8038
150
4799
608
9588
3592
1641
8150
6225
3318
7566
9853
5968
9399
1698
2388
8994
1579
6667
1404
1477
2443
5895
2809
3743
4334
870
5367
3751
838
6176
7499
3119
5852
9433
5200
6912
9225
2625
7398
3180
392
7615
7091
3887
7645
5982
1607
2060
7755
82
8960
9507
6555
1674
8485
7526
2609
5415
8072
2626
2907
7275
1657
6988
1099
3900
7452
8620
1787
4776
9681
6850
8059
50
8701
8328
3600
7277
510
2899
6272
6659
1962
6143
6084
431
7163
4627
7669
8954
1457
8183
4026
5799
9371
7900
9657
4092
6899
8568
417
5364
364
2777
3833
8299
6023
3021
6589
1246
5797
6413
3670
9872
2579
9785
1929
2031
3901
8706
5670
3028
2142
4879
2714
3715
4586
6044
7815
9608
1928
9081
2486
6761
5977
4874
6895
8780
4520
4061
4786
2555
6769
7081
6293
98
4614
8112
3817
4821
2622
4685
3167
7825
5597
6480
5283
5700
7088
193
1223
6342
3115
4630
9611
3959
7906
6847
6073
2014
8526
6699
5517
5547
3091
4112
3885
8486
5587
9286
2006
707
5926
4037
4043
2729
9624
9368
1726
5959
8624
8571
4558
4771
3426
2607
8836
9298
9300
2762
9327
1575
3172
3861
7600
6653
4042
3694
6605
2659
3529
3534
525
9647
4387
5409
4416
9981
5738
3961
5468
7936
9758
3540
4169
111
9824
8567
6845
4039
5298
8549
1468
2250
1518
7155
2464
5368
6472
4517
1845
487
5774
8220
3508
5466
5156
1302
6726
4819
9517
5254
9361
9546
7070
5103
6595
7892
6565
7310
5635
4649
6704
5974
8880
9923
2682
9816
3902
5057
7410
8384
4254
840
8695
5778
334
8162
7841
8092
8417
8648
1423
8073
667
5427
3379
7162
4551
3986
9311
7257
5289
7965
6034
7221
9651
6127
4571
8551
7931
513
2776
4221
7714
7367
6279
6236
5922
9194
1981
5971
6529
7656
9569
9467
9511
1393
1969
8582
1871
1720
6953
2584
137
6626
1137
4838
3156
7505
7404
5155
2784
4831
125
8614
7364
269
3479
3164
5436
4440
9123
1566
3599
5077
3208
1633
6474
633
3
1542
4127
3374
5958
6638
6277
494
9221
7679
7786
6355
7529
8867
3059
3803
4420
6882
5323
8474
5014
529
2917
6624
7504
57
3497
9043
846
979
1022
5196
6783
5375
612
3292
2025
3967
5802
869
8889
5949
2586
6146
1353
3342
7535
8906
5078
1139
1454
4534
7236
9431
5667
1927
2657
9544
1609
5414
9114
6008
556
4276
2871
2377
9003
2513
2523
6128
1808
4415
3506
2187
6226
559
5457
4345
6013
5873
4046
1090
7908
8636
953
4787
955
7643
8105
1316
3066
7041
8593
3905
4533
4348
7881
3340
8942
4602
295
8404
4655
6875
1399
5835
7397
9000
6744
6771
2638
4001
506
1082
2144
8317
630
366
4621
4036
9476
2249
6651
6536
9084
3789
8012
3351
3809
5849
2009
1681
7234
1107
1668
374
7128
7744
6890
9396
6692
7229
6730
4723
9277
7958
3442
7712
5192
4547
766
1706
5348
9258
9695
7976
2812
3367
6665
3235
31
293
9974
352
873
2522
3712
7230
4020
934
9519
39
7561
5683
1855
8151
6897
2488
1074
6085
3224
3437
1858
9189
3276
1487
7870
4549
317
8935
793
7653
3344
2037
4189
7606
1277
2485
4760
4714
325
4564
8501
6249
5640
8513
270
7625
9656
1265
9048
9420
1850
3457
6374
6901
2593
7324
5487
2175
4717
5588
7812
5864
5582
524
3758
4064
1314
2127
5970
6725
6373
7764
6722
1912
2257
5549
5680
3717
2366
5825
7130
6132
8159
8887
6233
2337
1686
755
2510
7259
4510
2675
9042
1003
9894
438
3481
1967
1822
3453
134
6790
7579
516
8324
3948
616
8940
1073
696
9313
2379
1469
5450
8016
7430
2417
1859
9970
786
3366
2079
7119
5394
8776
3275
6007
151
9705
9304
5489
463
5047
6207
4527
5502
7460
2533
6611
1227
80
2929
2444
806
5542
6534
2026
2725
5500
9811
1287
5710
8231
6778
4082
1876
5333
1594
7066
8153
6268
3838
9987
432
69
1449
3512
1606
5351
1723
59
3333
2551
6465
49
3704
6040
8276
8790
3695
6217
2946
1857
889
3835
9733
4135
5332
228
353
430
5620
8080
5523
2139
6876
4283
3904
207
4494
1485
6904
5161
4234
6960
6175
9826
636
2043
4322
5548
21
5451
5096
1344
8719
9943
5888
1040
5243
1408
4038
1506
9183
9077
4205
5222
6702
7450
6721
1703
1675
3296
5147
4265
2336
8377
6463
2123
9127
3137
2148
6422
4540
4638
3892
9665
6231
9965
6884
6551
4885
9888
5936
572
2442
9750
19
9493
5469
3088
1922
7156
8929
5195
5696
4428
8726
1067
5307
6670
468
35
2666
8736
8089
2395
7140
2323
7862
910
4421
3851
9097
8172
1621
720
921
5664
839
5938
6313
7025
2664
3281
2381
385
1814
8478
1629
8911
4741
5880
8771
2577
1136
5863
3718
6914
2821
4233
7907
4422
1982
5299
4929
7405
6094
5675
6098
7046
7733
350
1627
5703
4810
3994
2193
9209
9689
3815
3500
9954
1205
8457
2990
406
4286
6774
623
7468
2412
7612
8035
4647
5112
1441
6049
6507
7356
9033
919
2096
8123
1957
5984
2114
6439
8517
5126
3562
691
5016
5706
2170
4871
1947
5120
9102
2992
3513
7732
3239
7353
1031
451
4287
5955
6210
7003
4824
2842
502
5060
8103
9594
5240
9714
2980
6475
7792
65
1791
3405
5809
3727
2341
7147
9294
4539
8507
670
1495
1240
2978
2823
9443
515
1939
8269
3871
6412
5401
5425
5062
7373
5731
8095
1953
7969
2075
7158
51
6933
2419
2502
9388
4514
6292
3112
3532
9901
5181
5827
96
7264
7262
5935
1184
9180
1893
427
6079
8314
8304
2030
8455
9543
2378
8415
3158
3997
6625
3980
8589
3881
5285
9817
7573
8366
1222
4750
2940
6804
8282
6976
6487
4195
8376
4710
3863
2852
1037
543
1020
9362
66
4395
7916
4604
9742
9528
6276
3725
6338
680
6483
7990
3492
2243
4237
6905
3045
2616
7788
6087
8336
3443
2976
3938
7789
2364
1363
9768
6255
9402
2802
3060
5400
1324
1598
4252
2070
2365
6514
748
9436
2783
956
6676
6515
5843
7803
1048
36
2815
9593
671
4768
2158
8113
4503
702
15
4896
917
5747
3845
8356
950
8859
9001
4858
2984
9153
4139
2866
7048
3826
9337
2354
5595
4499
1635
800
7248
9246
865
4967
2495
103
1286
777
7603
6784
5378
7134
9272
8094
2546
891
8222
9088
2469
6680
1696
5118
6773
9529
5967
828
2552
1405
8979
8512
9126
441
9951
4542
6631
5262
5580
8602
723
3769
853
6987
6549
3593
2073
6051
7435
2044
2591
1800
2055
4791
46
8800
2631
145
9150
3693
5105
343
4450
1951
3387
4004
6970
1903
6498
1448
7201
467
861
2530
186
9819
4568
3641
7768
7769
2972
1789
4559
1250
123
8647
7473
1773
8839
7800
9452
6325
6389
4460
2512
8489
9979
4485
4671
2849
6560
3854
4226
2971
7042
3849
9242
4474
1649
1965
5750
5363
2717
8723
6729
4202
2035
2856
9562
7118
6938
403
4060
947
3022
4264
3256
8902
4311
144
6446
3294
9902
7731
3546
5435
9112
1759
6992
6092
920
7302
4994
9413
3615
4538
1794
6550
9167
3145
5292
5537
5978
8745
6441
7361
528
436
9472
7777
4635
8287
7984
1569
5138
2520
3489
6840
5829
8277
4939
2573
7400
6295
3159
6391
3265
2223
2467
3931
9607
3650
6591
3713
6179
7015
2652
9299
4203
6058
2991
7887
6327
9407
7694
2743
5324
7726
4803
1730
4402
6388
5906
3582
8120
5045
1623
4674
5769
452
3018
967
8825
8883
8820
8652
9334
9650
4742
4754
6260
1117
6237
8013
3574
3589
3388
5529
4516
7743
5585
6091
7581
2905
4909
6533
8124
7549
4114
5911
651
1661
3328
3434
622
5828
1595
6390
8653
1946
827
3829
2730
2270
9110
461
3797
6929
1373
3041
6397
9580
6006
7682
6654
7
9959
8070
6690
2901
9076
1053
1616
5187
3490
4409
4548
9145
6476
1952
2344
434
8074
1944
9709
9217
4223
2721
7890
1989
7773
8872
405
3116
7697
3882
5786
8856
607
2255
1299
8573
6691
4162
722
1151
579
8082
2483
78
2481
2829
2296
3096
1181
1909
4535
2619
863
1016
1722
8975
4578
9121
2747
2132
9628
1781
2222
4935
2583
209
5822
5374
7474
3624
999
5197
8051
8006
8197
6603
1109
1177
1024
5508
6516
4222
7537
9270
124
6531
8969
7095
9882
7445
7922
6833
4525
4166
4722
6578
3766
8047
3052
5533
4859
6857
1354
708
8681
4168
4438
1461
4930
5593
7337
8046
3543
4513
6070
9163
1493
6456
5040
9601
3724
2492
2928
6941
4895
7939
573
4171
2293
9769
7366
9233
2535
454
644
1186
1937
2375
3025
4701
2335
6310
7261
751
2875
2141
7322
7617
6635
8600
7272
9192
7074
3282
1500
1047
897
4136
8599
9406
7206
4306
864
625
1539
8534
7126
7701
2736
4427
7121
3734
9838
9813
6213
2602
9722
9421
5081
8242
8691
6562
5113
6248
8537
914
3016
8897
6171
7750
733
7012
1121
1892
5264
3780
7238
2071
6785
4071
5501
9275
7857
7685
2104
5176
6593
1561
9404
4702
8191
5572
9976
2286
7718
7905
4225
9351
9101
8246
3458
6671
5022
8596
5212
925
7327
2411
3660
3010
5960
4098
8388
7700
8161
221
2605
3047
6719
5654
1025
2466
8203
3768
8592
6728
3061
9070
7691
2463
7434
2385
5101
8621
519
2989
2547
7940
9158
844
8577
621
6208
969
8240
5169
2135
7542
2604
931
808
8622
6124
991
1298
3032
492
2397
2799
5369
5190
3220
9895
1877
5763
7880
6163
9619
6155
3610
6154
4507
718
6926
3085
9942
9905
3935
8334
1159
3801
5238
2425
3308
9196
4104
7137
5694
5350
758
290
7671
4257
1088
4274
5567
7686
3621
2494
3525
2635
3078
904
4892
6643
8505
327
8462
9347
8461
6000
8710
9711
6059
8557
5918
242
4149
2051
5904
5496
9839
9897
7351
3050
3647
273
9019
8066
4948
4596
4735
3504
9373
4280
6178
1974
5453
1902
7672
6668
1897
5751
9930
9900
4537
5302
1103
4971
9418
9919
1555
8913
5613
5875
9567
835
5108
4481
504
2909
7994
6383
2446
3899
2179
517
9875
7540
8100
484
2314
3415
3419
6320
7453
5165
3553
3729
6794
2092
4058
9575
5256
8928
3409
106
4834
3793
8987
5868
1321
7506
7339
7401
5740
3406
5741
475
6855
8400
8841
1489
9154
1818
9279
3200
8359
2275
1021
1502
2709
3895
5026
5051
9909
1527
6629
4814
5759
1430
5625
1761
911
9578
8791
750
3825
6634
3975
7553
2501
1819
2352
6776
620
6045
9099
3992
9535
1357
5796
7699
6229
3794
3953
2111
6830
6339
4158
2369
5439
9961
2694
5174
4239
902
5908
7490
3348
3839
7317
4972
3482
8562
6299
7723
6496
4576
8978
866
8508
6789
7326
2649
4684
1887
9259
1174
784
4461
907
28
9166
9187
3985
299
3922
7954
332
7709
8879
1267
9263
9908
8173
1520
8972
1625
1212
4443
5785
6238
1296
7780
4390
1727
5520
5646
9659
4080
1636
8587
4220
4463
1801
4818
4262
6434
6542
4626
2685
5916
584
6102
9706
8700
4230
8439
4615
9234
7342
7797
7844
6425
1525
1066
6932
9369
6322
3681
6273
4241
9732
1592
9026
8459
1707
1779
4682
1216
1170
7739
9738
1725
9489
8649
5981
7231
9236
9049
4570
7545
4668
6097
3557
7827
8628
2893
4894
3867
5037
1311
2330
3251
9570
9435
8604
7123
7124
7582
3805
1867
8165
130
1366
2001
9264
7559
3701
5286
4378
2264
3461
3984
1752
9441
5291
1293
267
9156
1070
1005
5988
9606
9533
4314
9891
5813
9005
1236
8693
6170
3927
1648
7388
4904
2478
4384
316
6261
6107
4633
3612
4483
4309
3747
2069
7189
1541
6148
9584
7525
5831
2571
8020
7426
4401
5039
5248
8263
704
5056
6583
5704
8516
3043
4231
7666
8822
9284
4414
9481
419
5206
7202
4505
6795
8208
5162
7555
5114
1474
898
3499
1209
6825
2636
3640
6287
9326
4208
4731
7065
8312
3611
4285
7106
3246
4107
1118
5476
4270
1578
127
9293
308
7508
3272
771
3247
3080
850
5575
6502
4667
5002
1537
1263
1735
8894
5313
5876
6796
445
4130
8597
7442
8444
4478
7061
4716
4501
5561
9059
8235
4371
7565
8583
5728
5123
9210
8891
4433
5752
3432
2112
1544
2420
6431
9348
4624
8099
5661
3830
2022
1264
8160
518
5614
2057
175
8119
8383
2258
5479
753
3671
8718
3133
2956
9572
9267
9986
730
7059
4319
9725
3327
3732
8408
1930
7720
548
3472
4240
2271
211
8542
2628
9118
9799
1940
535
9162
8413
7212
1596
9009
653
4584
5443
2558
8561
2637
3288
4529
1055
3700
5743
1163
5909
4767
5951
5999
1780
4032
4579
3982
1348
8121
4853
4051
2711
5536
2822
3449
9303
4156
455
133
811
9403
4462
8398
9684
826
6599
6370
536
3238
8543
6697
2384
678
3422
8857
2988
9553
4905
4170
2300
8995
9713
1416
4832
7872
4190
8403
2915
6423
3731
3234
1679
2274
6451
8687
9944
382
399
6491
9211
2808
1228
9748
9316
1921
32
8737
4932
493
7174
6253
1499
1056
7389
3864
482
5818
397
5032
8185
883
8166
9155
4797
1848
9287
7055
368
2816
2004
2192
8364
4541
2720
4924
1424
9858
8373
1586
1701
2083
7057
181
4292
6161
6186
7632
8463
6858
8469
9086
6919
4696
8108
729
4691
60
9645
2058
9952
9144
3075
3203
2453
1900
4880
5672
1157
1910
4592
289
8973
7037
7493
4561
2477
4827
292
2180
1465
756
339
9503
8634
3284
5947
5990
7584
4956
8283
481
9730
8452
3688
741
4623
5577
1360
5603
1802
3957
349
2679
6134
675
3435
2761
9307
6616
7205
1884
1883
1943
3077
9599
2081
9880
3550
1486
5724
635
7651
8862
6968
534
2013
6315
2668
8427
1083
8182
3163
2074
3000
7761
1000
29
9422
762
3104
4605
9025
9449
6369
2272
1470
1475
9438
3291
8493
8500
928
8218
2202
6808
1251
1745
2268
5038
1976
3341
3118
9829
1164
7974
8661
8993
7512
5452
8927
4041
8370
4094
7520
1827
7859
5258
3569
2569
5456
8464
2164
20
4965
9397
1619
8425
1130
4487
8028
1950
8917
6061
770
2662
6083
7369
6424
7256
3243
990
9354
2248
574
1451
3538
7668
6732
1955
884
8495
148
5191
7321
3620
2716
3937
205
1285
9545
9801
8058
4425
5975
1907
9090
7662
4901
4825
8259
9366
6234
243
4413
5624
783
2745
2214
1964
7983
5098
1019
2921
603
7203
5193
3517
3151
4076
2221
9380
9087
8616
420
7496
6433
489
3455
1869
1439
795
8855
5383
4192
5284
2117
3559
8438
2349
4116
4855
2005
7214
4468
6965
4469
8546
2359
1007
1572
8467
1419
5449
6617
9831
4464
4100
7129
2548
2787
8402
2322
812
4048
763
8797
5381
7507
6661
5939
5651
1971
5223
2383
8815
5106
9719
6136
5437
3601
5568
9415
3293
4338
3337
682
8818
8465
8843
3722
2630
8625
1758
2229
7853
1148
7379
3257
2321
8863
4144
3773
9513
1844
10
3929
1332
7089
3067
2828
9041
4003
3968
3074
4793
6700
9804
5473
1737
3204
5093
3539
1041
9113
2697
3260
1926
3644
1213
2088
961
7340
3171
6482
5779
3841
8243
9577
834
9453
526
4506
8280
6440
6674
2562
9916
5343
7190
9237
6632
9985
9670
7814
3875
2911
6304
8613
9473
4829
1501
6642
988
1187
9518
3466
1365
3493
4706
8627
1684
2553
1172
5338
3576
7023
304
1336
857
9751
5382
8473
3140
4085
8216
6513
4062
5234
2201
8816
3746
491
1836
5028
2878
3893
7611
1471
3005
9557
5084
1398
804
4320
5528
5963
7456
8117
2983
6505
5513
5444
9040
1281
2361
4713
1558
3878
791
868
9828
4324
2072
7779
9621
3216
107
6056
5135
6270
6630
8958
1260
5015
3944
7587
362
7519
3827
2168
768
6200
8186
5013
6934
4344
2957
3963
726
9478
8623
3182
9331
8651
8591
3397
4070
3068
5210
9631
3227
391
6406
6689
4886
1894
4761
4298
963
570
1271
849
8193
5756
2094
3261
3668
7834
8499
4991
2209
2841
9010
6648
7883
4790
5594
2089
5882
9775
7017
5358
1093
4914
8194
8171
3745
3131
3509
7828
1220
4661
565
4165
9344
5682
4491
9060
1453
5393
3691
4700
2389
1638
1339
306
4555
1015
2428
8821
1356
7357
590
6863
5623
7570
2455
9530
6400
8190
7282
2726
2211
6067
1380
8440
4277
9763
7897
1660
6772
2216
2785
4332
77
1146
9687
7109
2048
2590
7131
3819
6961
1225
5776
3155
2795
3687
9515
9128
91
824
1793
3716
8202
6829
8998
5732
6981
6698
9305
1237
6259
3808
9949
3427
1097
4105
9477
7111
84
6206
9926
2902
3788
6695
7054
4175
1862
7860
7846
6193
7154
3125
1755
9677
7674
9080
7877
3070
6392
9274
5398
1195
2554
1812
6239
7919
1786
6952
2738
3939
378
3036
255
7500
4523
5495
5198
4470
217
6819
8601
8361
5159
831
9423
6343
9975
1829
1434
937
5544
2525
7875
9292
6540
1076
5930
3853
4408
539
16
6214
1750
9913
9409
3603
4580
309
1433
4219
1098
6125
5793
4756
7031
4765
6364
4958
9291
6055
9537
8308
1064
2371
8344
8158
8876
4396
2735
9079
8629
5079
7347
6559
4719
75
2480
7284
5459
8728
135
7533
1472
2159
6195
4999
9129
2402
9190
9365
7016
450
8834
6902
8316
6212
5446
1677
1427
8300
5867
410
8379
4907
8757
4040
3331
5589
2115
1328
8769
2279
7609
6973
7583
9177
6570
474
8903
3891
6964
4634
3531
2387
3464
1221
4733
9666
3836
56
5499
7634
1297
9683
7746
669
8322
1361
613
5725
4263
8329
7784
2482
6827
2076
9549
1945
3860
3680
674
5596
4530
5509
1667
4828
8217
90
1519
2281
7833
7951
6903
9015
9416
2793
7049
854
3843
2441
7619
9412
3798
6566
615
4304
9760
5004
2210
7664
3305
9977
7646
3383
2011
126
4364
1429
3675
9062
695
8912
8405
2769
4521
4103
5983
2874
8041
1956
6928
2833
9501
5412
9262
3765
4780
1417
132
972
1207
1087
5263
9667
2200
8368
3933
568
7408
4851
6118
4458
1988
1798
5708
6666
4497
318
714
5462
5948
1778
5729
3588
533
335
2183
6202
5718
7011
8547
4970
8768
2313
3298
9671
1252
2868
8420
5716
3314
3477
6417
4018
7220
4442
5071
5581
9492
2538
239
6011
9374
4866
4531
8049
3378
9054
976
8414
946
8854
3360
1292
9312
8947
3523
5865
8211
7138
9119
142
6652
4842
5564
3978
8910
1110
7636
2234
6493
2137
6940
5554
9676
7524
490
4641
2967
6686
8265
2889
2927
6264
4057
9100
3848
8221
576
6142
2098
8168
8450
8558
263
13
8313
1664
9809
187
3161
401
929
8266
1804
9972
6122
4643
7196
1659
8315
3998
9837
943
4398
9579
3376
4388
6584
8795
9940
4677
544
3609
4086
3402
3468
1473
7069
1412
8662
5463
4479
8213
2974
8921
668
6644
7648
4204
3857
8248
266
3973
1711
6053
6436
8519
5349
5551
9475
6399
3218
3631
5372
5121
3491
7363
1719
6296
9031
3124
7747
9945
997
8741
1987
5184
153
5927
3038
8875
3375
2338
4989
5552
9430
7805
6027
4308
8853
6520
6649
7794
7175
7097
9564
4902
6746
936
5966
8991
6036
202
8792
9199
7996
8014
4622
1785
6639
1141
4005
6967
5025
8669
4055
3269
389
9235
4259
8974
5878
6291
3377
1038
7586
1669
1383
3673
4588
4083
9244
291
5318
9143
3185
5784
3654
8335
8418
4255
2311
1355
7150
6588
7749
3418
1512
4960
3629
8212
6627
462
5817
8920
8619
3560
8747
4493
1410
881
3099
3947
3879
1059
4815
426
821
8533
9691
3244
9091
7992
4034
3602
2332
4369
4198
7352
9743
6641
7659
8131
9648
3044
3530
5720
456
1483
4554
7532
8756
4899
92
2206
5339
6764
2770
160
4352
5803
2489
9680
8801
1702
1662
8122
8365
4807
8040
4889
2531
5213
8732
4848
2203
5252
2102
418
6039
7616
9637
1904
7530
4724
5663
3714
4850
6737
6345
1874
4400
1923
1689
8037
802
7816
5146
6103
1386
3776
7314
8860
206
3092
2594
1078
654
986
449
6706
4069
8803
5698
1147
7633
6421
9848
4875
5506
9474
6944
6594
1385
6109
9367
9069
9708
5946
3412
6509
6115
3429
7360
2699
6913
9532
8842
1458
796
7269
2095
2421
5070
7494
3637
2514
738
7605
6993
7466
8603
6246
5274
7411
3283
1359
6135
8766
2939
3424
877
9697
2357
6997
9355
8371
9074
9502
2744
3355
9094
215
6518
76
4375
8936
2728
9216
8930
5127
5203
2262
4328
5003
3255
6998
4372
8966
256
6303
4938
2656
4279
2680
6734
3221
1705
8642
4703
7760
6696
4959
843
514
1861
294
6758
120
5471
1450
867
5245
7283
4978
7171
1605
9634
5067
5389
6358
3147
7618
6688
9843
1813
6735
7898
8063
5858
2913
9757
1134
2832
8416
5782
6111
3270
4091
1911
5851
6503
5167
5432
944
1959
7117
6114
2244
5229
9500
501
992
8952
9924
5390
7613
1275
769
5790
6020
8443
8395
3999
1577
4477
4727
62
2975
8808
7774
6205
8069
7790
116
8755
5373
1368
5386
2068
4178
4142
9950
6308
6060
9793
3993
7539
6811
1796
5164
7146
5273
6230
560
8353
7291
9359
9861
8833
5314
6866
5233
8941
9852
2926
737
1123
1312
3478
4154
4772
9255
6743
8835
2912
2865
1788
9563
6910
8985
1466
5660
5493
6283
3767
146
3573
5855
3484
8390
7489
1838
1550
8441
9920
935
3971
5464
2241
3777
3268
3083
4704
4289
1132
2517
8826
1709
3347
1852
1480
4747
5027
5297
6106
2414
829
5692
2788
2670
1009
5490
4
8261
5745
725
9390
4417
939
5905
8773
2145
2846
5225
505
7717
4852
2931
4590
3181
6614
5791
7068
2166
819
9045
4095
3278
9664
5601
2612
4563
2760
4656
3989
8796
1790
5901
2373
3638
5771
1889
3494
4486
5497
6813
2233
7970
7947
4406
203
9989
1431
147
8174
3001
2676
43
3834
6646
7152
665
2020
1306
7655
88
9485
8492
7103
6267
4954
3195
5656
9866
5020
24
4705
7879
6577
8725
4187
3987
8392
6736
1820
4229
5208
3740
8740
5558
9609
7989
8409
9859
9899
8470
4945
2259
1671
4660
6982
173
5956
7047
1830
1634
7845
1367
9278
7267
6733
2665
212
4711
2198
4293
8019
278
4318
8125
4528
5475
8717
7240
7365
5804
2107
5557
1033
7595
2199
2574
4536
3653
3866
9382
2585
859
1183
7560
3520
5253
6715
5428
1753
3277
3571
8206
3812
3450
3357
3173
7079
4445
3634
547
7039
6316
5042
345
5758
913
2431
8032
1996
7018
367
5693
64
6043
2160
6489
3146
4349
1376
5392
5158
9356
6450
8435
8052
9712
3217
1654
8367
4883
4941
8234
916
5770
2346
3969
4903
1158
3983
7741
6779
4878
629
9383
4923
4151
9827
9892
7711
6753
