546
456
683
80
130
301
259
725
934
269
158
182
599
649
475
471
298
377
907
267
543
132
204
430
894
229
747
962
892
442
559
600
836
809
884
628
718
369
444
513
227
383
712
289
252
232
111
795
571
119
141
579
106
270
235
437
509
205
441
601
12
767
23
212
183
737
565
460
664
104
563
938
869
975
328
932
63
249
848
312
250
887
528
294
19
322
91
899
347
586
782
910
527
507
213
502
71
239
673
667
824
551
678
896
35
317
626
494
266
841
325
832
313
308
390
165
55
547
561
612
129
971
290
440
275
194
359
292
602
417
492
735
203
286
611
434
149
830
454
121
518
939
279
550
858
555
967
302
315
326
619
366
81
464
937
721
439
660
287
449
886
428
629
450
794
878
617
57
585
245
826
584
913
691
254
844
83
675
433
241
568
613
655
345
344
64
810
642
713
885
881
857
873
463
340
171
97
908
799
876
637
108
361
485
452
779
364
385
909
174
959
530
152
816
535
164
295
123
335
576
744
36
374
940
689
192
2
797
118
400
754
134
872
230
918
472
633
658
268
407
384
933
467
209
564
954
542
131
808
668
332
72
470
99
234
380
574
669
166
196
529
682
223
262
806
537
191
645
468
406
573
756
4
976
789
27
902
935
719
761
161
557
710
955
367
981
77
837
153
32
516
750
7
113
402
793
135
56
759
990
716
215
562
495
919
791
595
521
30
490
801
901
160
297
457
333
508
889
139
807
827
769
391
541
575
296
705
20
864
900
163
52
674
572
748
728
699
225
763
958
659
948
882
863
342
686
66
356
979
738
324
60
319
775
202
880
358
220
493
771
6
479
703
482
560
685
607
299
431
783
309
570
965
271
22
944
722
172
501
898
105
966
16
363
162
635
916
963
671
168
734
730
696
792
834
688
10
727
17
59
823
154
677
687
415
98
211
648
942
663
917
776
128
453
875
862
597
925
762
69
926
8
84
53
143
355
426
525
778
112
195
33
373
606
765
469
723
276
499
92
665
354
590
636
512
998
825
603
371
803
446
536
615
587
219
277
554
381
110
392
142
413
798
3
904
208
951
82
766
320
854
461
365
265
242
388
397
170
553
911
922
503
620
632
244
777
921
621
819
408
43
293
596
666
306
316
51
488
348
523
511
48
146
828
21
281
706
127
487
260
177
614
300
589
644
107
740
785
58
432
206
774
583
833
593
334
811
931
692
96
11
839
352
136
654
264
360
216
577
247
538
813
534
736
447
68
526
201
217
580
640
672
477
715
929
147
54
362
181
877
329
973
307
838
261
357
101
947
870
988
815
273
855
188
755
679
372
941
717
175
47
28
995
707
185
804
943
883
285
159
399
445
927
14
207
419
282
569
109
330
255
905
222
38
698
438
817
758
630
968
994
812
243
897
199
859
912
788
681
745
624
95
187
920
733
780
690
148
609
997
814
625
73
90
496
45
697
76
65
653
459
411
321
44
231
581
416
5
618
37
418
784
831
498
999
853
389
323
953
9
616
240
582
327
558
1
115
126
145
137
284
350
396
662
989
866
186
61
180
787
140
800
604
184
379
544
311
773
984
786
46
726
903
961
846
338
623
539
693
647
368
729
650
425
591
78
829
443
960
189
746
436
427
226
646
670
288
155
945
879
236
936
594
423
890
167
643
556
753
634
41
549
233
484
820
720
283
79
39
510
404
393
993
974
455
337
179
978
972
253
701
318
331
200
680
950
272
567
346
480
1000
661
486
114
491
772
458
401
31
221
50
731
743
124
656
531
842
768
957
256
760
641
895
497
638
639
24
956
274
566
657
652
608
394
708
524
156
448
280
964
375
435
382
588
861
386
969
26
349
849
505
985
278
702
506
532
314
336
34
739
18
850
986
871
751
851
500
466
478
545
93
169
476
25
517
429
422
924
403
520
102
888
860
40
341
70
263
741
15
13
351
781
700
421
847
752
923
949
622
246
387
74
424
893
856
304
144
991
987
481
714
210
89
473
757
116
370
522
138
125
540
339
451
405
946
228
868
548
49
398
724
822
353
465
378
42
291
992
514
952
970
248
157
552
996
843
504
874
412
977
533
764
928
218
598
120
190
515
258
238
980
930
592
891
519
821
802
224
474
627
578
605
193
483
676
343
310
414
237
251
103
94
709
610
198
684
173
915
122
742
790
631
62
29
305
133
845
704
867
732
982
852
87
376
420
711
749
117
651
67
770
489
462
303
409
86
151
150
818
796
805
914
983
410
257
840
75
695
835
85
865
214
395
906
694
178
197
100
88
176
